,clip_id,t1,t2,x1,x2,y1,y2,result_size,frame_count,fps,width,height
0,VIRAT_S_000200_00_000100_000171,1442,1562,0.483553409576416,0.632219135761261,0.6908960342407227,0.8888888888888888,0,2114,30,1280,720
1,VIRAT_S_000002,2462,2582,0.37186500430107117,0.5916666666666667,0.4361111111111111,0.6687350869178772,0,9075,30,1920,1080
2,VIRAT_S_000002,3482,3602,0.37186500430107117,0.5713541666666667,0.42962962962962964,0.6687350869178772,0,9075,30,1920,1080
3,VIRAT_S_000102,23552,23672,0.19620828330516815,0.47708333333333336,0.5564814814814815,0.9132773280143738,0,29580,30,1920,1080
4,VIRAT_S_000003,5492,5612,0.5439308285713196,0.7307990789413452,0.3425925925925926,0.5365186929702759,0,20940,30,1920,1080
5,VIRAT_S_000003,10382,10502,0.17669934034347534,0.35650166869163513,0.4631078839302063,0.7361111111111112,0,20940,30,1920,1080
6,VIRAT_S_000003,10742,10862,0.17669934034347534,0.35650166869163513,0.4631078839302063,0.75,0,20940,30,1920,1080
7,VIRAT_S_000003,12212,12332,0.17669934034347534,0.35650166869163513,0.4631078839302063,0.7555555555555555,0,20940,30,1920,1080
8,VIRAT_S_000003,12452,12572,0.17669934034347534,0.35650166869163513,0.4631078839302063,0.6981481481481482,0,20940,30,1920,1080
9,VIRAT_S_000003,12752,12872,0.17669934034347534,0.3572916666666667,0.4631078839302063,0.7175925925925926,0,20940,30,1920,1080
10,VIRAT_S_000003,12962,13082,-0.008854166666666666,0.35650166869163513,0.4631078839302063,0.7787037037037037,0,20940,30,1920,1080
11,VIRAT_S_000003,15812,15932,0.38125,0.765826940536499,0.32037037037037036,0.6046296296296296,0,20940,30,1920,1080
12,VIRAT_S_000001,9602,9722,0.4731948673725128,0.6114583333333333,0.3783171772956848,0.6,0,20655,30,1920,1080
13,VIRAT_S_000001,9722,9842,0.43854166666666666,0.6140625,0.3351851851851852,0.5990740740740741,0,20655,30,1920,1080
14,VIRAT_S_000001,18392,18512,0.8005208333333333,0.9546875,0.00028696059598587453,0.09907407407407408,0,20655,30,1920,1080
15,VIRAT_S_000200_01_000226_000268,692,812,0.08611023426055908,0.18797045946121216,0.5208333333333334,0.6069444444444444,0,1259,30,1280,720
16,VIRAT_S_000203_03_000736_000785,0,32,0.515625,0.8652147054672241,0.4152777777777778,0.46805555555555556,0,1468,30,1280,720
17,VIRAT_S_000203_03_000736_000785,692,842,0.7688478231430054,0.83984375,0.4958617389202118,0.5680076479911804,0,1468,30,1280,720
18,VIRAT_S_000203_03_000736_000785,1142,1262,0.7688478231430054,0.83203125,0.4958617389202118,0.5680076479911804,0,1468,30,1280,720
19,VIRAT_S_000101,1982,2102,0.24791666666666667,0.5130675435066223,0.4444444444444444,0.7671866416931152,0,20340,30,1920,1080
20,VIRAT_S_000101,2672,2792,0.26585641503334045,0.5130675435066223,0.5342592592592592,0.7671866416931152,0,20340,30,1920,1080
21,VIRAT_S_000101,15542,15662,0.20223473012447357,0.39696645736694336,0.4462962962962963,0.7203703703703703,0,20340,30,1920,1080
22,VIRAT_S_000101,17072,17192,0.20223473012447357,0.39696645736694336,0.4572910666465759,0.6583333333333333,0,20340,30,1920,1080
23,VIRAT_S_000006,512,632,0.075,0.3727474808692932,0.4513944685459137,0.7592592592592593,0,17805,30,1920,1080
24,VIRAT_S_000006,3362,3482,0.2077827751636505,0.389926940202713,0.4784075915813446,0.6812431216239929,0,17805,30,1920,1080
25,VIRAT_S_000006,3992,4112,0.2077827751636505,0.39739583333333334,0.42685185185185187,0.6916666666666667,0,17805,30,1920,1080
26,VIRAT_S_000006,4382,4502,0.2077827751636505,0.389926940202713,0.4784075915813446,0.6812431216239929,0,17805,30,1920,1080
27,VIRAT_S_000006,5342,5462,-0.011979166666666667,0.389926940202713,0.4784075915813446,0.7564814814814815,0,17805,30,1920,1080
28,VIRAT_S_000006,7052,7172,0.3109375,0.7430647015571594,0.34444444444444444,0.6407407407407407,0,17805,30,1920,1080
29,VIRAT_S_000006,9752,9872,0.4744791666666667,0.8234038949012756,0.2,0.487962962962963,0,17805,30,1920,1080
30,VIRAT_S_000006,15212,15332,0.1720423400402069,0.3704821467399597,0.45796966552734375,0.6388888888888888,0,17805,30,1920,1080
31,VIRAT_S_000006,15542,15782,0.1720423400402069,0.9145833333333333,0.16296296296296298,0.6648148148148149,0,17805,30,1920,1080
32,VIRAT_S_000004,7082,7202,0.3932618200778961,0.5402891039848328,0.34629629629629627,0.5685185185185185,0,17640,30,1920,1080
33,VIRAT_S_000004,7472,7592,0.3932618200778961,0.7078125,0.2601851851851852,0.56561279296875,0,17640,30,1920,1080
34,VIRAT_S_000203_04_000903_001086,122,242,0.7740160226821899,0.8264063217148774,0.49594783782958984,0.5532383322715759,0,5482,30,1280,720
35,VIRAT_S_000203_04_000903_001086,1682,1802,0.6535437107086182,0.8265625,0.39268016815185547,0.5333333333333333,0,5482,30,1280,720
36,VIRAT_S_000203_04_000903_001086,2582,2702,0.6783355474472046,0.83125,0.4764009118080139,0.575,0,5482,30,1280,720
37,VIRAT_S_000203_04_000903_001086,2732,2852,0.834375,0.9105743765830994,0.49441900849342346,0.6083333333333333,0,5482,30,1280,720
38,VIRAT_S_000203_04_000903_001086,2972,3092,0.40723997354507446,0.56328125,0.5570177435874939,0.6736111111111112,0,5482,30,1280,720
39,VIRAT_S_000203_04_000903_001086,3182,3422,0.508693277835846,0.8344986438751221,0.5041666666666667,0.7027777777777777,0,5482,30,1280,720
40,VIRAT_S_000201_01_000384_000589,512,632,0.45133471488952637,0.5859375,0.5041666666666667,0.5770623683929443,0,6143,30,1280,720
41,VIRAT_S_000201_01_000384_000589,782,992,0.54765625,0.6298554539680481,0.5,0.5806874632835388,0,6143,30,1280,720
42,VIRAT_S_000201_01_000384_000589,1112,1232,0.5524640083312988,0.84609375,0.5,0.5806874632835388,0,6143,30,1280,720
43,VIRAT_S_000201_01_000384_000589,1232,1352,0.5524640083312988,0.80625,0.5097222222222222,0.5902777777777778,0,6143,30,1280,720
44,VIRAT_S_000201_01_000384_000589,2312,2432,0.8864078521728516,1.0015625,0.6934685707092285,0.8291666666666667,0,6143,30,1280,720
45,VIRAT_S_000201_01_000384_000589,4652,4772,0.39811280369758606,0.48203125,0.5925620198249817,0.6805555555555556,0,6143,30,1280,720
46,VIRAT_S_000201_01_000384_000589,4892,5012,0.29296875,0.4490634500980377,0.595725953578949,0.7694444444444445,0,6143,30,1280,720
47,VIRAT_S_000200_06_001693_001824,2432,2552,0.12135524302721024,0.23061659932136536,0.5153012871742249,0.5763888888888888,0,3907,30,1280,720
48,VIRAT_S_000201_06_001354_001397,662,782,0.08578340709209442,0.21033674478530884,0.5176399946212769,0.5875,0,1284,30,1280,720
49,VIRAT_S_000205_01_000197_000342,0,32,0.5615058541297913,0.5872052907943726,0.3692125976085663,0.39996352791786194,0,4324,30,1280,720
50,VIRAT_S_000205_01_000197_000342,362,482,-0.003125,0.0921875,0.43194444444444446,0.5045607686042786,0,4324,30,1280,720
51,VIRAT_S_000205_01_000197_000342,1742,1862,0.50546875,0.5872052907943726,0.3692125976085663,0.4166666666666667,0,4324,30,1280,720
52,VIRAT_S_000205_01_000197_000342,2252,2372,0.664932131767273,0.8515625,0.5847222222222223,0.7222222222222222,0,4324,30,1280,720
53,VIRAT_S_000201_04_000682_000822,902,1022,0.8817830085754395,1.0,0.6903386116027832,0.8277777777777777,0,4182,30,1280,720
54,VIRAT_S_000201_04_000682_000822,1112,1232,0.5571803450584412,0.85,0.5181336998939514,0.6125,0,4182,30,1280,720
55,VIRAT_S_000201_04_000682_000822,2732,2852,0.3903351128101349,0.59140625,0.5260151624679565,0.6,0,4182,30,1280,720
56,VIRAT_S_000201_04_000682_000822,2852,2972,0.3903351128101349,0.5453125,0.5189196467399597,0.5986111111111111,0,4182,30,1280,720
57,VIRAT_S_000201_04_000682_000822,3122,3242,0.5571803450584412,0.8246098683377348,0.5083333333333333,0.5861876265542634,0,4182,30,1280,720
58,VIRAT_S_000207_00_000000_000045,302,422,0.3314661979675293,0.75703125,0.5474147200584412,0.9430555555555555,0,1350,30,1280,720
59,VIRAT_S_000207_02_000498_000530,32,152,0.3302217721939087,0.44140625,0.5708333333333333,0.6916666666666667,0,943,30,1280,720
60,VIRAT_S_000205_02_000409_000566,1232,1352,0.0,0.19375,0.4125,0.5079439878463745,0,4690,30,1280,720
61,VIRAT_S_000205_02_000409_000566,2312,2432,0.8188008666038513,0.9012777805328369,0.4904484748840332,0.5573093891143799,0,4690,30,1280,720
62,VIRAT_S_000205_02_000409_000566,3122,3242,0.0,0.09453125,0.43902045488357544,0.5236111111111111,0,4690,30,1280,720
63,VIRAT_S_000207_01_000094_000156,902,1022,0.2671875,0.49233776330947876,0.5773638486862183,0.8736111111111111,0,1848,30,1280,720
64,VIRAT_S_010106_02_000656_000692,0,26,0.3703125,0.45073527097702026,0.20972222222222223,0.26267609000205994,0,838,24,1280,720
65,VIRAT_S_010106_02_000656_000692,74,170,0.22734375,0.2606339752674103,0.21080240607261658,0.2722222222222222,0,838,24,1280,720
66,VIRAT_S_000201_07_001485_001581,0,32,0.7738485336303711,0.8436698317527771,0.5083333333333333,0.5882582664489746,0,2874,30,1280,720
67,VIRAT_S_000201_07_001485_001581,542,662,0.6370835900306702,0.83203125,0.4791666666666667,0.5652777777777778,0,2874,30,1280,720
68,VIRAT_S_000201_07_001485_001581,722,842,0.6370835900306702,0.79296875,0.49746233224868774,0.5680555555555555,0,2874,30,1280,720
69,VIRAT_S_000201_07_001485_001581,1382,1502,0.26513832807540894,0.46796875,0.5511662364006042,0.6458410024642944,0,2874,30,1280,720
70,VIRAT_S_000201_07_001485_001581,1622,1742,0.8359375,0.9135561585426331,0.4896610677242279,0.5666666666666667,0,2874,30,1280,720
71,VIRAT_S_000200_04_000937_001443,2,122,0.7414807677268982,0.8001530766487122,0.4553990364074707,0.5055555555555555,0,15164,30,1280,720
72,VIRAT_S_000200_04_000937_001443,1022,1142,0.8210656046867371,0.8703097533091828,0.4259568750858307,0.4888888888888889,0,15164,30,1280,720
73,VIRAT_S_000200_04_000937_001443,1472,1592,0.7414807677268982,0.8046875,0.4553990364074707,0.5333333333333333,0,15164,30,1280,720
74,VIRAT_S_000203_08_001702_001734,122,362,0.396875,0.7065022587776184,0.3978671431541443,0.5916666666666667,0,954,30,1280,720
75,VIRAT_S_000201_00_000018_000380,332,452,0.68671875,0.8457047343254089,0.5180555555555556,0.589706301689148,0,10834,30,1280,720
76,VIRAT_S_000201_00_000018_000380,4172,4292,0.7746862173080444,0.8457047343254089,0.5097222222222222,0.589706301689148,0,10834,30,1280,720
77,VIRAT_S_000201_00_000018_000380,5882,6002,0.90546875,1.0,0.6923859119415283,0.8208333333333333,0,10834,30,1280,720
78,VIRAT_S_000201_00_000018_000380,7562,7682,0.7746862173080444,0.8457047343254089,0.5069444444444444,0.589706301689148,0,10834,30,1280,720
79,VIRAT_S_000201_00_000018_000380,7742,7862,0.08736089617013931,0.24666732549667358,0.5082146525382996,0.5944444444444444,0,10834,30,1280,720
80,VIRAT_S_000201_00_000018_000380,8252,8372,0.07930032908916473,0.21811674535274506,0.48699602484703064,0.5861111111111111,0,10834,30,1280,720
81,VIRAT_S_000201_00_000018_000380,8432,8552,0.08736089617013931,0.384375,0.5082146525382996,0.5946312599752446,0,10834,30,1280,720
82,VIRAT_S_000201_00_000018_000380,8582,8702,0.08736089617013931,0.27890625,0.5082146525382996,0.590433062933613,0,10834,30,1280,720
83,VIRAT_S_000201_00_000018_000380,8972,9092,0.11525766551494598,0.2170846164226532,0.5173100829124451,0.5861111111111111,0,10834,30,1280,720
84,VIRAT_S_010108_01_000570_000718,458,626,0.4,0.7690443992614746,0.20972222222222223,0.40555555555555556,0,3461,24,1280,720
85,VIRAT_S_010108_01_000570_000718,938,1034,0.6015625,0.7690443992614746,0.30151721835136414,0.3908843398094177,0,3461,24,1280,720
86,VIRAT_S_010108_01_000570_000718,1034,1130,0.5453125,0.6430930495262146,0.304653525352478,0.37916666666666665,0,3461,24,1280,720
87,VIRAT_S_010108_01_000570_000718,1130,1298,0.3453125,0.5353104472160339,0.20416666666666666,0.42395880818367004,0,3461,24,1280,720
88,VIRAT_S_010108_01_000570_000718,1634,1730,0.26328125,0.37397500872612,0.4212036430835724,0.5402777777777777,0,3461,24,1280,720
89,VIRAT_S_010108_01_000570_000718,1874,1970,0.01328125,0.2522314786911011,0.48111507296562195,0.6416666666666667,0,3461,24,1280,720
90,VIRAT_S_010108_01_000570_000718,3002,3098,0.23799973726272583,0.32926416397094727,0.39384931325912476,0.47058606147766113,0,3461,24,1280,720
91,VIRAT_S_010110_02_000513_000566,338,434,0.38185763359069824,0.605068564414978,0.5293664932250977,0.7144679427146912,0,1068,24,1280,720
92,VIRAT_S_010110_02_000513_000566,674,770,0.38185763359069824,0.605068564414978,0.5293664932250977,0.7144679427146912,0,1068,24,1280,720
93,VIRAT_S_010106_00_000098_000315,0,50,0.5820697546005249,0.651726484298706,0.2988273799419403,0.3456110954284668,0,5051,24,1280,720
94,VIRAT_S_010106_00_000098_000315,746,842,0.5820697546005249,0.651726484298706,0.2988273799419403,0.3456110954284668,0,5051,24,1280,720
95,VIRAT_S_010106_00_000098_000315,1178,1298,0.3703125,0.651726484298706,0.2152777777777778,0.3456110954284668,0,5051,24,1280,720
96,VIRAT_S_010106_00_000098_000315,1610,1706,0.5820697546005249,0.665625,0.2988273799419403,0.3541666666666667,0,5051,24,1280,720
97,VIRAT_S_010106_00_000098_000315,1826,1922,0.00018208101391792297,0.0953125,0.07361111111111111,0.15,0,5051,24,1280,720
98,VIRAT_S_010106_00_000098_000315,3098,3194,0.00018208101391792297,0.0953125,0.07361111111111111,0.1486111111111111,0,5051,24,1280,720
99,VIRAT_S_010107_02_000282_000312,122,218,0.24921875,0.37784406542778015,0.41714173555374146,0.6333333333333333,0,479,24,1280,720
100,VIRAT_S_010113_02_000434_000479,0,50,0.3368183970451355,0.4012466371059418,0.3674498498439789,0.4684755504131317,0,982,24,1280,720
101,VIRAT_S_010113_02_000434_000479,170,266,0.3368183970451355,0.4012466371059418,0.3674498498439789,0.4684755504131317,0,982,24,1280,720
102,VIRAT_S_010111_04_000718_000760,2,98,0.2804350256919861,0.35673755407333374,0.28888888888888886,0.35302549600601196,0,968,24,1280,720
103,VIRAT_S_010111_04_000718_000760,266,386,0.7390625,0.8935765624046326,0.7040455937385559,1.0361111111111112,0,968,24,1280,720
104,VIRAT_S_010111_04_000718_000760,410,506,0.2804350256919861,0.35673755407333374,0.2847222222222222,0.35302549600601196,0,968,24,1280,720
105,VIRAT_S_000203_07_001341_001458,572,692,0.13984375,0.81796875,0.5731984376907349,1.0194444444444444,0,3501,30,1280,720
106,VIRAT_S_000203_07_001341_001458,812,932,0.2838776707649231,0.35188517105095096,0.48212969303131104,0.5339479446411133,0,3501,30,1280,720
107,VIRAT_S_000203_07_001341_001458,1082,1202,0.2838776707649231,0.35246339730913734,0.48212969303131104,0.5339479446411133,0,3501,30,1280,720
108,VIRAT_S_000203_07_001341_001458,1922,2042,0.41171875,0.6571062207221985,0.5120754241943359,0.7694444444444445,0,3501,30,1280,720
109,VIRAT_S_000203_07_001341_001458,2072,2222,0.5600730180740356,0.8679925203323364,0.4220655560493469,0.6402777777777777,0,3501,30,1280,720
110,VIRAT_S_010108_02_000800_000960,1850,1970,-0.009375,0.25252267718315125,0.47857698798179626,0.6708333333333333,0,3762,24,1280,720
111,VIRAT_S_010108_02_000800_000960,2570,2714,0.4265625,0.4711063747194313,0.20555555555555555,0.25555555555555554,0,3762,24,1280,720
112,VIRAT_S_000201_05_001081_001215,1292,1412,0.328125,0.6332740783691406,0.6916231513023376,1.0208333333333333,0,3995,30,1280,720
113,VIRAT_S_000201_05_001081_001215,2792,2912,0.07109375,0.8650642037391663,0.42853018641471863,0.6458333333333334,0,3995,30,1280,720
114,VIRAT_S_010115_01_000399_000467,218,314,0.7006331086158752,0.8358133435249329,0.3579895496368408,0.4615117013454437,0,1444,24,1280,720
115,VIRAT_S_010115_01_000399_000467,458,554,0.7006331086158752,0.8358133435249329,0.3579895496368408,0.4615117013454437,0,1444,24,1280,720
116,VIRAT_S_000203_06_001206_001266,1142,1262,0.0008215764537453651,0.024218589067459106,0.45574113726615906,0.5101054906845093,0,1781,30,1280,720
117,VIRAT_S_010111_06_000820_000860,26,146,0.25234375,0.6163405776023865,0.4358250096946845,0.5349740581689417,0,865,24,1280,720
118,VIRAT_S_010111_06_000820_000860,314,410,-0.00390625,0.21593233942985535,0.43352311849594116,0.5138888888888888,0,865,24,1280,720
119,VIRAT_S_000206_07_001501_001600,872,992,0.610042929649353,0.7448784112930298,0.6171420812606812,0.7422146049300693,0,2730,30,1280,720
120,VIRAT_S_000206_07_001501_001600,1232,1352,0.610042929649353,0.728641152381897,0.6183515191078186,0.7458333333333333,0,2730,30,1280,720
121,VIRAT_S_000206_07_001501_001600,1412,1532,0.5011132955551147,0.645980954170227,0.6291666666666667,0.771112859249115,0,2730,30,1280,720
122,VIRAT_S_000206_07_001501_001600,1742,1922,0.5168235301971436,0.7448784112930298,0.6171420812606812,0.7431619167327881,0,2730,30,1280,720
123,VIRAT_S_010113_04_000681_000772,1202,1298,0.7364827394485474,0.8419937491416931,0.3527836203575134,0.43167853355407715,0,2005,24,1280,720
124,VIRAT_S_000201_08_001652_001838,92,212,0.4553821086883545,0.80625,0.5104464888572693,0.6277777777777778,0,5580,30,1280,720
125,VIRAT_S_000201_08_001652_001838,212,332,0.5580407381057739,0.72734375,0.5126665830612183,0.6236111111111111,0,5580,30,1280,720
126,VIRAT_S_000201_08_001652_001838,512,632,0.4888928532600403,0.64375,0.49722222222222223,0.5631164908409119,0,5580,30,1280,720
127,VIRAT_S_000201_08_001652_001838,1082,1202,0.6320348381996155,0.7921875,0.49665433168411255,0.5541666666666667,0,5580,30,1280,720
128,VIRAT_S_000201_08_001652_001838,2672,2792,0.625,0.6964682936668396,0.49583333333333335,0.5541666666666667,0,5580,30,1280,720
129,VIRAT_S_000201_08_001652_001838,2822,2942,0.6320348381996155,0.80078125,0.49665433168411255,0.5569444444444445,0,5580,30,1280,720
130,VIRAT_S_000201_08_001652_001838,3542,3662,0.7745624780654907,0.8440648317337036,0.5,0.5873739123344421,0,5580,30,1280,720
131,VIRAT_S_000201_08_001652_001838,4052,4232,0.5078125,0.95390625,0.4875,0.5541666666666667,0,5580,30,1280,720
132,VIRAT_S_000205_04_000927_001057,782,902,0.4072774648666382,0.5304524302482605,0.5153467655181885,0.6230877041816711,0,3900,30,1280,720
133,VIRAT_S_000205_04_000927_001057,3512,3632,-0.0015625,0.21953125,0.43472222222222223,0.5051059126853943,0,3900,30,1280,720
134,VIRAT_S_000207_05_001125_001193,1592,1712,0.7405174374580383,0.88203125,0.4552186131477356,0.5097222222222222,0,2032,30,1280,720
135,VIRAT_S_000203_09_001789_001842,92,212,0.50078125,0.5845049619674683,0.5180555555555556,0.6059722304344177,0,1410,30,1280,720
136,VIRAT_S_000203_09_001789_001842,1082,1202,0.8375873565673828,0.91328125,0.4583333333333333,0.5469333529472351,0,1410,30,1280,720
137,VIRAT_S_010106_04_000800_000918,98,194,0.7588342428207397,0.8462271690368652,0.3541666666666667,0.4274772107601166,0,2755,24,1280,720
138,VIRAT_S_010106_04_000800_000918,1058,1154,0.7588342428207397,0.8462271690368652,0.3541666666666667,0.4274772107601166,0,2755,24,1280,720
139,VIRAT_S_010106_04_000800_000918,1802,1898,0.40390625,0.452145516872406,0.21666666666666667,0.2630001902580261,0,2755,24,1280,720
140,VIRAT_S_010201_07_000601_000697,370,466,0.19140625,0.27003014087677,0.3183440864086151,0.3890487551689148,0,2208,24,1280,720
141,VIRAT_S_010201_07_000601_000697,722,866,0.18671875,0.27003014087677,0.3055555555555556,0.42083333333333334,0,2208,24,1280,720
142,VIRAT_S_010201_07_000601_000697,1418,1514,0.1765625,0.31796875,0.3183440864086151,0.4666666666666667,0,2208,24,1280,720
143,VIRAT_S_010201_09_000770_000801,362,506,0.20396319031715393,0.26869428157806396,0.3184371590614319,0.39444444444444443,0,700,24,1280,720
144,VIRAT_S_010203_00_000047_000139,626,722,0.1941576898097992,0.24070250432287565,0.3201006054878235,0.37916666666666665,0,2082,24,1280,720
145,VIRAT_S_010106_03_000730_000782,794,890,0.002451181411743164,0.09609375,0.0763888888888889,0.14626070857048035,0,1245,24,1280,720
146,VIRAT_S_010109_04_000487_000538,794,890,0.7529603838920593,0.9387151002883911,0.6,0.8409915566444397,0,1146,24,1280,720
147,VIRAT_S_040004_00_000011_000093,752,872,0.9496474266052246,1.0,0.49108973145484924,0.6370370370370371,0,2449,30,1920,1080
148,VIRAT_S_040004_00_000011_000093,1112,1232,0.94598788022995,0.9998853802680969,0.49444444444444446,0.6398148148148148,0,2449,30,1920,1080
149,VIRAT_S_010109_05_000602_000678,0,26,0.7531531453132629,0.9375,0.6041666666666666,0.8405827283859253,0,1752,24,1280,720
150,VIRAT_S_010109_05_000602_000678,266,362,0.7531531453132629,0.939680278301239,0.6083333333333333,0.8405827283859253,0,1752,24,1280,720
151,VIRAT_S_010109_05_000602_000678,578,674,0.7531531453132629,0.94140625,0.6083333333333333,0.8405827283859253,0,1752,24,1280,720
152,VIRAT_S_010109_05_000602_000678,770,866,0.7531531453132629,0.93828125,0.6055555555555555,0.8405827283859253,0,1752,24,1280,720
153,VIRAT_S_010109_05_000602_000678,1178,1274,0.7531531453132629,0.94609375,0.6069444444444444,0.8405827283859253,0,1752,24,1280,720
154,VIRAT_S_010109_05_000602_000678,1538,1634,0.7531531453132629,0.934836745262146,0.6097222222222223,0.8405827283859253,0,1752,24,1280,720
155,VIRAT_S_010109_00_000000_000063,314,410,0.5725287199020386,0.6631069183349609,0.39272770285606384,0.45754843950271606,0,1511,24,1280,720
156,VIRAT_S_010109_00_000000_000063,434,650,0.3955141007900238,0.6631069183349609,0.20555555555555555,0.45754843950271606,0,1511,24,1280,720
157,VIRAT_S_010109_00_000000_000063,914,1010,0.4523088037967682,0.4941128194332123,0.20833333333333334,0.28073862195014954,0,1511,24,1280,720
158,VIRAT_S_010109_00_000000_000063,1034,1202,0.0,0.6631069183349609,0.2972222222222222,0.45754843950271606,0,1511,24,1280,720
159,VIRAT_S_010111_08_000920_000954,82,242,0.5283869504928589,1.0046875,0.2987193763256073,0.3990817964076996,0,618,24,1280,720
160,VIRAT_S_010110_06_000953_001011,842,938,0.6042124032974243,0.6956115365028381,0.4527777777777778,0.5346134305000305,0,1017,24,1280,720
161,VIRAT_S_010110_04_000777_000812,482,578,0.0,0.08034472167491913,0.3068006634712219,0.44080784916877747,0,714,24,1280,720
162,VIRAT_S_000206_08_001618_001712,542,662,0.76640625,0.8271577954292297,0.4951001703739166,0.5555555555555556,0,2809,30,1280,720
163,VIRAT_S_000206_08_001618_001712,692,842,0.770877480506897,0.8407644517768649,0.4951001703739166,0.5611111111111111,0,2809,30,1280,720
164,VIRAT_S_000206_08_001618_001712,1292,1412,0.770877480506897,0.83046875,0.4951001703739166,0.555837904531554,0,2809,30,1280,720
165,VIRAT_S_000206_08_001618_001712,2162,2282,0.76875,0.8271577954292297,0.4951001703739166,0.5527777777777778,0,2809,30,1280,720
166,VIRAT_S_000206_08_001618_001712,2612,2732,0.0,0.11484375,0.4519495666027069,0.5180555555555556,0,2809,30,1280,720
167,VIRAT_S_010205_06_000830_000904,242,338,0.22109375,0.4433140456676483,0.3375,0.7086638808250427,0,1669,24,1280,720
168,VIRAT_S_010111_07_000872_000909,0,26,0.0,0.038454510802173436,0.3104887902736664,0.3641199469566345,0,789,24,1280,720
169,VIRAT_S_040005_00_000003_000058,212,332,-0.0067708333333333336,0.0703125,0.41944444444444445,0.4981481481481482,0,1640,30,1920,1080
170,VIRAT_S_040103_03_000284_000425,242,362,0.371875,0.9133037328720093,0.4520016610622406,0.9703703703703703,0,4215,30,1920,1080
171,VIRAT_S_040103_03_000284_000425,602,722,0.1787363737821579,0.3549800515174866,0.28093478083610535,0.45140916109085083,0,4215,30,1920,1080
172,VIRAT_S_040103_03_000284_000425,1082,1202,0.1787363737821579,0.3549800515174866,0.28093478083610535,0.4777777777777778,0,4215,30,1920,1080
173,VIRAT_S_040103_03_000284_000425,1442,1562,0.1787363737821579,0.3549800515174866,0.28093478083610535,0.46574074074074073,0,4215,30,1920,1080
174,VIRAT_S_040103_03_000284_000425,2192,2312,0.2298421561717987,0.3549800515174866,0.28093478083610535,0.44537037037037036,0,4215,30,1920,1080
175,VIRAT_S_040103_03_000284_000425,3242,3362,0.7697916666666667,0.9428032040596008,0.5926905274391174,0.8203703703703704,0,4215,30,1920,1080
176,VIRAT_S_040103_03_000284_000425,3692,3812,0.17760416666666667,0.28276920318603516,0.31203703703703706,0.46574074074074073,0,4215,30,1920,1080
177,VIRAT_S_010113_06_000831_000896,2,98,-0.00625,0.1605377495288849,0.34219011664390564,0.4263888888888889,0,1478,24,1280,720
178,VIRAT_S_010113_07_000965_001013,0,26,0.7036343216896057,0.7875919342041016,0.41527336835861206,0.4641372585682795,0,911,24,1280,720
179,VIRAT_S_010113_07_000965_001013,26,122,0.7036343216896057,0.8436726927757263,0.3520282208919525,0.4599107503890991,0,911,24,1280,720
180,VIRAT_S_010113_07_000965_001013,650,746,0.44850829243659973,0.4715888202190399,0.21675558388233185,0.24305555555555555,0,911,24,1280,720
181,VIRAT_S_010107_00_000019_000057,218,314,0.3234375,0.45168226957321167,0.21388888888888888,0.26371848583221436,0,867,24,1280,720
182,VIRAT_S_040003_06_001441_001518,1322,1442,0.0078125,0.1359375,0.41284337639808655,0.6361111111111111,0,2304,30,1920,1080
183,VIRAT_S_040103_05_000729_000804,692,812,0.25,0.37313908338546753,0.2836799919605255,0.44074074074074077,0,2241,30,1920,1080
184,VIRAT_S_040103_05_000729_000804,812,992,0.21979166666666666,0.47857314348220825,0.26810696721076965,0.6842592592592592,0,2241,30,1920,1080
185,VIRAT_S_040103_05_000729_000804,1262,1382,0.25566428899765015,0.42779460549354553,0.28006237745285034,0.46111111111111114,0,2241,30,1920,1080
186,VIRAT_S_040103_05_000729_000804,1502,1622,0.24270833333333333,0.42779460549354553,0.28006237745285034,0.6453703703703704,0,2241,30,1920,1080
187,VIRAT_S_040103_05_000729_000804,1622,1742,-0.016666666666666666,0.2703125,0.4678860604763031,0.7472222222222222,0,2241,30,1920,1080
188,VIRAT_S_010116_00_000061_000121,0,74,0.0846736803650856,0.8346073627471924,0.13313838839530945,0.4617187976837158,0,1401,24,1280,720
189,VIRAT_S_010116_00_000061_000121,674,770,0.08280213922262192,0.1057916060090065,0.1321186125278473,0.16575331389953973,0,1401,24,1280,720
190,VIRAT_S_010109_07_000876_000910,0,50,-0.00078125,0.20859375,0.24722222222222223,0.3624899685382843,0,813,24,1280,720
191,VIRAT_S_010200_07_000748_000837,962,1058,0.19485250115394592,0.265625,0.3206036686897278,0.3861111111111111,0,2063,24,1280,720
192,VIRAT_S_010201_03_000270_000359,410,506,0.1703125,0.2362441122531891,0.3111111111111111,0.37777777777777777,0,2106,24,1280,720
193,VIRAT_S_010111_00_000000_000032,194,290,0.753125,0.9367484450340271,0.5916666666666667,0.8430801033973694,0,768,24,1280,720
194,VIRAT_S_010111_00_000000_000032,506,602,0.4546875,0.4933173954486847,0.20416666666666666,0.2814592123031616,0,768,24,1280,720
195,VIRAT_S_010201_04_000374_000469,1274,1370,0.1937118023633957,0.27421875,0.32080113887786865,0.45,0,2242,24,1280,720
196,VIRAT_S_040103_02_000199_000279,122,242,0.1843714863061905,0.2796875,0.2972222222222222,0.44680801033973694,0,2395,30,1920,1080
197,VIRAT_S_040103_02_000199_000279,782,902,0.2513590455055237,0.35166627168655396,0.2817588448524475,0.40535879135131836,0,2395,30,1920,1080
198,VIRAT_S_040103_02_000199_000279,1712,1832,0.1843714863061905,0.35166627168655396,0.2817588448524475,0.44680801033973694,0,2395,30,1920,1080
199,VIRAT_S_040103_02_000199_000279,2072,2192,0.1843714863061905,0.35166627168655396,0.2817588448524475,0.44680801033973694,0,2395,30,1920,1080
200,VIRAT_S_040104_04_000854_000934,452,572,0.4323882460594177,0.6479166666666667,0.212723970413208,0.4101851851851852,0,2394,30,1920,1080
201,VIRAT_S_040104_04_000854_000934,902,1022,0.4323882460594177,0.6437327265739441,0.212723970413208,0.3574074074074074,0,2394,30,1920,1080
202,VIRAT_S_040104_04_000854_000934,1082,1202,0.5109525322914124,0.6437327265739441,0.212723970413208,0.3490740740740741,0,2394,30,1920,1080
203,VIRAT_S_010203_06_000620_000760,410,506,0.146875,0.24921875,0.318453848361969,0.39861111111111114,0,3218,24,1280,720
204,VIRAT_S_010203_06_000620_000760,650,746,0.14296875,0.240625,0.31827569007873535,0.39305555555555555,0,3218,24,1280,720
205,VIRAT_S_010203_06_000620_000760,2906,3002,0.19651459157466888,0.2453125,0.30972222222222223,0.375,0,3218,24,1280,720
206,VIRAT_S_010202_01_000055_000147,170,266,0.21015625,0.27054885029792786,0.3194214999675751,0.42916666666666664,0,2024,24,1280,720
207,VIRAT_S_010202_01_000055_000147,458,554,0.1640625,0.269620805978775,0.3125,0.38552334904670715,0,2024,24,1280,720
208,VIRAT_S_010202_01_000055_000147,626,722,0.19140625,0.269620805978775,0.3185052275657654,0.4097222222222222,0,2024,24,1280,720
209,VIRAT_S_010202_01_000055_000147,722,818,0.196875,0.269620805978775,0.3185052275657654,0.39305555555555555,0,2024,24,1280,720
210,VIRAT_S_010202_01_000055_000147,1034,1130,0.2012345790863037,0.269620805978775,0.3125,0.39861111111111114,0,2024,24,1280,720
211,VIRAT_S_010208_06_000671_000744,530,626,0.1789868026971817,0.21422842144966125,0.3251155912876129,0.375,0,1584,24,1280,720
212,VIRAT_S_010112_00_000015_000095,0,98,0.4513496458530426,0.46999101470324334,0.20416666666666666,0.2479996234178543,0,1778,24,1280,720
213,VIRAT_S_010112_00_000015_000095,482,578,0.39961957931518555,0.4515625,0.225,0.2727886140346527,0,1778,24,1280,720
214,VIRAT_S_010112_00_000015_000095,722,818,0.44981297850608826,0.46853357553482056,0.20555555555555555,0.24305555555555555,0,1778,24,1280,720
215,VIRAT_S_010112_00_000015_000095,986,1082,0.4046875,0.46853357553482056,0.2179601788520813,0.25,0,1778,24,1280,720
216,VIRAT_S_010112_00_000015_000095,1202,1298,0.44981297850608826,0.46875,0.20555555555555555,0.24255359172821045,0,1778,24,1280,720
217,VIRAT_S_010112_00_000015_000095,1610,1706,0.45234375,0.46982723474502563,0.20416666666666666,0.2440938010528999,0,1778,24,1280,720
218,VIRAT_S_040000_02_000111_000145,152,302,0.290625,0.32916666666666666,0.3875959813594818,0.42777777777777776,0,1019,30,1920,1080
219,VIRAT_S_040000_02_000111_000145,782,932,0.2911458333333333,0.32447916666666665,0.3875959813594818,0.4222222222222222,0,1019,30,1920,1080
220,VIRAT_S_010115_03_000685_000793,0,74,0.22109375,0.6391659379005432,0.30636435747146606,0.3888888888888889,0,2509,24,1280,720
221,VIRAT_S_010115_03_000685_000793,98,194,0.7006996273994446,0.8356382846832275,0.358998566865921,0.4619408845901489,0,2509,24,1280,720
222,VIRAT_S_010115_03_000685_000793,434,530,0.08154010027647018,0.10599358379840851,0.13219523429870605,0.16531720650355908,0,2509,24,1280,720
223,VIRAT_S_010115_03_000685_000793,1490,1586,0.7006996273994446,0.8356382846832275,0.358998566865921,0.4619408845901489,0,2509,24,1280,720
224,VIRAT_S_010115_03_000685_000793,1610,1706,0.08154010027647018,0.10733252868787746,0.13219523429870605,0.16527777777777777,0,2509,24,1280,720
225,VIRAT_S_010115_03_000685_000793,1922,2018,0.08154010027647018,0.10599358379840851,0.13219523429870605,0.1648309826850891,0,2509,24,1280,720
226,VIRAT_S_040000_01_000042_000099,152,272,0.290625,0.323148638010025,0.38749033212661743,0.41781704192086266,0,1705,30,1920,1080
227,VIRAT_S_040000_01_000042_000099,722,842,0.29087135195732117,0.323148638010025,0.38749033212661743,0.41759259259259257,0,1705,30,1920,1080
228,VIRAT_S_040000_01_000042_000099,1322,1442,0.29087135195732117,0.32502965983783483,0.38749033212661743,0.42251499375603174,0,1705,30,1920,1080
229,VIRAT_S_050000_03_000585_000639,812,932,0.5484375,0.6491791009902954,0.48614758253097534,0.612037037037037,0,1607,30,1920,1080
230,VIRAT_S_050000_03_000585_000639,1142,1262,0.42083333333333334,0.7528621554374695,0.14537037037037037,0.7860636711120605,0,1607,30,1920,1080
231,VIRAT_S_040000_00_000063_000085,0,62,0.2914191782474518,0.3217597007751465,0.388069748878479,0.41759259259259257,0,649,30,1920,1080
232,VIRAT_S_040000_00_000063_000085,242,362,0.2914191782474518,0.3217597007751465,0.388069748878479,0.416693776845932,0,649,30,1920,1080
233,VIRAT_S_040001_00_000035_000319,5072,5192,0.0,0.04375,0.43218547105789185,0.48325517773628235,0,8502,30,1920,1080
234,VIRAT_S_040001_00_000035_000319,6422,6542,-0.0020833333333333333,0.15104166666666666,0.4203703703703704,0.5555555555555556,0,8502,30,1920,1080
235,VIRAT_S_040001_00_000035_000319,6842,6962,0.0009913109242916107,0.13020833333333334,0.4064814814814815,0.575,0,8502,30,1920,1080
236,VIRAT_S_040000_09_001194_001574,1112,1232,0.446166068315506,0.5320372581481934,0.45801249146461487,0.5296296296296297,0,11089,30,1920,1080
237,VIRAT_S_040003_03_000577_000741,3002,3122,-0.0078125,0.13228747248649597,0.5994164943695068,0.7518518518518519,0,4913,30,1920,1080
238,VIRAT_S_040104_05_000939_001116,602,722,0.5991599559783936,1.0130208333333333,0.2080277055501938,0.48703703703703705,0,5304,30,1920,1080
239,VIRAT_S_040104_05_000939_001116,2792,3002,0.18667873740196228,0.3828125,0.2814814814814815,0.49537037037037035,0,5304,30,1920,1080
240,VIRAT_S_040104_05_000939_001116,3122,3302,0.2483079433441162,0.47971111536026,0.26766297221183777,0.45740740740740743,0,5304,30,1920,1080
241,VIRAT_S_040104_05_000939_001116,3422,3542,0.2483079433441162,0.4311401844024658,0.28064820170402527,0.4462962962962963,0,5304,30,1920,1080
242,VIRAT_S_040104_05_000939_001116,3902,4022,0.18667873740196228,0.4007377326488495,0.2848486006259918,0.4327412545681,0,5304,30,1920,1080
243,VIRAT_S_040104_05_000939_001116,4382,4502,0.18667873740196228,0.2715469002723694,0.2898148148148148,0.4327412545681,0,5304,30,1920,1080
244,VIRAT_S_050000_11_001530_001576,32,152,0.2611705958843231,0.3596523106098175,0.46746113896369934,0.5749961137771606,0,1369,30,1920,1080
245,VIRAT_S_050000_11_001530_001576,482,602,0.3921875,0.5401041666666667,0.6214313507080078,1.025,0,1369,30,1920,1080
246,VIRAT_S_050000_11_001530_001576,842,962,0.40677083333333336,0.6184084415435791,0.12037037037037036,0.5472222222222223,0,1369,30,1920,1080
247,VIRAT_S_050000_11_001530_001576,1112,1232,0.21145833333333333,0.3392868638038635,0.09927201271057129,0.3277777777777778,0,1369,30,1920,1080
248,VIRAT_S_040005_08_001225_001276,182,302,-0.008333333333333333,0.0890625,0.5027777777777778,0.6129629629629629,0,1519,30,1920,1080
249,VIRAT_S_010114_00_000006_000116,0,26,0.45112401247024536,0.8487199544906616,0.2111111111111111,0.4295465052127838,0,2531,24,1280,720
250,VIRAT_S_010114_00_000006_000116,74,170,0.209375,0.34131139516830444,0.2847222222222222,0.3727298560652823,0,2531,24,1280,720
251,VIRAT_S_010114_00_000006_000116,194,290,0.7223047018051147,0.8487199544906616,0.3489684760570526,0.4295465052127838,0,2531,24,1280,720
252,VIRAT_S_010114_00_000006_000116,362,458,0.20497830212116241,0.2862052023410797,0.31527777777777777,0.37916666666666665,0,2531,24,1280,720
253,VIRAT_S_010114_00_000006_000116,938,1034,0.7223047018051147,0.8487199544906616,0.3489684760570526,0.4295465052127838,0,2531,24,1280,720
254,VIRAT_S_010114_00_000006_000116,1322,1418,0.7223047018051147,0.8487199544906616,0.3489684760570526,0.4295465052127838,0,2531,24,1280,720
255,VIRAT_S_010114_00_000006_000116,1682,1778,0.7223047018051147,0.8487199544906616,0.3489684760570526,0.4295465052127838,0,2531,24,1280,720
256,VIRAT_S_040103_08_001475_001512,572,812,-0.0015625,0.4256839156150818,0.28268715739250183,0.475,0,1104,30,1920,1080
257,VIRAT_S_050201_03_000573_000647,602,722,0.1159370169043541,0.27239583333333334,0.06481481481481481,0.175,0,2207,30,1920,1080
258,VIRAT_S_040003_01_000083_000193,902,1022,0.06666666666666667,0.2557291666666667,0.37407407407407406,0.5824074074074074,0,3286,30,1920,1080
259,VIRAT_S_040104_02_000459_000721,512,632,0.14375,0.4796522855758667,0.26442626118659973,0.7546296296296297,0,7842,30,1920,1080
260,VIRAT_S_040104_02_000459_000721,1052,1172,0.4484375,0.6649119853973389,0.19907407407407407,0.3287037037037037,0,7842,30,1920,1080
261,VIRAT_S_040104_02_000459_000721,1262,1382,0.5133056044578552,0.777720018312742,0.4648148148148148,0.7138494253158569,0,7842,30,1920,1080
262,VIRAT_S_040104_02_000459_000721,1982,2252,-0.0203125,0.7796875,0.27999940514564514,0.7138494253158569,0,7842,30,1920,1080
263,VIRAT_S_040104_02_000459_000721,2552,2792,0.2525975704193115,0.7810424676615924,0.26442626118659973,0.7138494253158569,0,7842,30,1920,1080
264,VIRAT_S_040104_02_000459_000721,2882,3092,-0.0234375,0.7875,0.3087053894996643,0.7138494253158569,0,7842,30,1920,1080
265,VIRAT_S_040104_02_000459_000721,3242,3362,0.5133056044578552,0.7734375,0.4640125255902454,0.7138494253158569,0,7842,30,1920,1080
266,VIRAT_S_040104_02_000459_000721,3602,3722,0.18814127147197723,0.42910510301589966,0.27999940514564514,0.4537037037037037,0,7842,30,1920,1080
267,VIRAT_S_040104_02_000459_000721,3842,3962,0.5133056044578552,0.7890625,0.464774882721116,0.7138494253158569,0,7842,30,1920,1080
268,VIRAT_S_040104_02_000459_000721,3992,4112,0.18814127147197723,0.27083340287208557,0.2861111111111111,0.435686856508255,0,7842,30,1920,1080
269,VIRAT_S_040104_02_000459_000721,6572,6692,0.16935016214847565,0.4100527763366699,0.4008212685585022,0.6305555555555555,0,7842,30,1920,1080
270,VIRAT_S_040104_02_000459_000721,6722,6842,0.16935016214847565,0.4100527763366699,0.4008212685585022,0.6027777777777777,0,7842,30,1920,1080
271,VIRAT_S_040005_06_000886_001016,1112,1232,0.0010416666666666667,0.1369551569223404,0.49027112126350403,0.5972222222222222,0,3891,30,1920,1080
272,VIRAT_S_040005_06_000886_001016,2102,2312,-0.00625,0.1125,0.49027112126350403,0.6074074074074074,0,3891,30,1920,1080
273,VIRAT_S_040103_06_000836_000909,1502,1652,-0.0140625,0.36375606060028076,0.28359255194664,0.6768518518518518,0,2184,30,1920,1080
274,VIRAT_S_050201_11_002090_002220,632,752,0.6380208333333334,0.7877449989318848,0.5326399803161621,0.8981481481481481,0,3894,30,1920,1080
275,VIRAT_S_050201_11_002090_002220,2852,2972,0.11428626626729965,0.29375,-0.010185185185185186,0.38425925925925924,0,3894,30,1920,1080
276,VIRAT_S_040003_02_000197_000552,572,692,0.03109421208500862,0.14120245375115115,0.5814814814814815,0.6805555555555556,0,10637,30,1920,1080
277,VIRAT_S_040003_02_000197_000552,4712,4832,0.0006458889693021774,0.15520833333333334,0.48751771450042725,0.5685185185185185,0,10637,30,1920,1080
278,VIRAT_S_040003_02_000197_000552,6902,7022,0.0006458889693021774,0.1625,0.4564814814814815,0.5639637112617493,0,10637,30,1920,1080
279,VIRAT_S_040003_02_000197_000552,8132,8252,0.06510416666666667,0.26458333333333334,0.3611111111111111,0.5696267847087455,0,10637,30,1920,1080
280,VIRAT_S_050202_07_001126_001301,2732,2912,0.11432836949825287,0.31614583333333335,0.0627358928322792,0.16944444444444445,0,5236,30,1920,1080
281,VIRAT_S_050202_07_001126_001301,2912,3032,0.11432836949825287,0.22916666666666666,0.030555555555555555,0.15648148148148147,0,5236,30,1920,1080
282,VIRAT_S_050000_12_001591_001619,152,272,0.22604166666666667,0.37446993589401245,-0.004629629629629629,0.15816770493984222,0,834,30,1920,1080
283,VIRAT_S_040005_07_001026_001223,1022,1202,-0.005208333333333333,0.18842664555220257,0.42685185185185187,0.600925925925926,0,5895,30,1920,1080
284,VIRAT_S_040005_07_001026_001223,2432,2552,0.12939929962158203,0.19270833333333334,0.44074074074074077,0.5222222222222223,0,5895,30,1920,1080
285,VIRAT_S_040005_07_001026_001223,2822,2942,0.13135948777198792,0.18080370128154755,0.44537037037037036,0.4962962962962963,0,5895,30,1920,1080
286,VIRAT_S_040005_07_001026_001223,5102,5312,-0.008854166666666666,0.13134920597076416,0.49034637212753296,0.5990740740740741,0,5895,30,1920,1080
287,VIRAT_S_040005_07_001026_001223,5312,5432,0.010416666666666666,0.13134920597076416,0.49034637212753296,0.5962962962962963,0,5895,30,1920,1080
288,VIRAT_S_050202_00_000000_000105,0,92,0.11637741327285767,0.1790737807750702,0.1785600781440735,0.33411315083503723,0,3147,30,1920,1080
289,VIRAT_S_050202_00_000000_000105,1082,1202,0.6302417516708374,0.7294523119926453,0.353772908449173,0.5111111111111111,0,3147,30,1920,1080
290,VIRAT_S_050202_00_000000_000105,1412,1532,0.6302417516708374,0.7416666666666667,0.353772908449173,0.5259259259259259,0,3147,30,1920,1080
291,VIRAT_S_050202_00_000000_000105,2042,2162,0.4666666666666667,0.7294523119926453,0.1824074074074074,0.5068382024765015,0,3147,30,1920,1080
292,VIRAT_S_050202_08_001410_001494,1502,1622,0.11663108319044113,0.21666666666666667,-0.008333333333333333,0.1363345831632614,0,2512,30,1920,1080
293,VIRAT_S_040104_06_001121_001241,452,602,0.7869791666666667,1.00625,0.5362853407859802,0.8574074074074074,0,3590,30,1920,1080
294,VIRAT_S_040104_07_001268_001348,482,602,0.1421875,0.9808893799781799,0.5448920726776123,1.0407407407407407,0,2393,30,1920,1080
295,VIRAT_S_050203_08_001686_001885,1892,2012,0.0892542153596878,0.2859375,0.031345468014478683,0.20833333333333334,0,5962,30,1920,1080
296,VIRAT_S_050203_08_001686_001885,3032,3152,0.3898896872997284,0.5164294242858887,0.3601585924625397,0.4666666666666667,0,5962,30,1920,1080
297,VIRAT_S_050203_08_001686_001885,3422,3542,0.10990507900714874,0.18636733293533325,0.055141836404800415,0.21203703703703702,0,5962,30,1920,1080
298,VIRAT_S_050203_08_001686_001885,3632,3752,0.3898896872997284,0.5164294242858887,0.3601585924625397,0.465038001537323,0,5962,30,1920,1080
299,VIRAT_S_050203_09_001960_002083,1022,1142,0.2899353802204132,0.6026041666666667,0.6024121046066284,1.038888888888889,0,3676,30,1920,1080
300,VIRAT_S_050203_09_001960_002083,1172,1292,0.7036458333333333,0.8378506302833557,0.2703581154346466,0.5731481481481482,0,3676,30,1920,1080
301,VIRAT_S_040001_01_000448_001101,5102,5222,2.0470470190048218e-05,0.09455521828729552,0.4653232991695404,0.5666285753250122,0,19567,30,1920,1080
302,VIRAT_S_040001_01_000448_001101,6602,6722,0.17309832572937012,0.24839946627616882,0.4570111632347107,0.5175925925925926,0,19567,30,1920,1080
303,VIRAT_S_040001_01_000448_001101,12272,12482,-0.0046875,0.06875,0.3509259259259259,0.5,0,19567,30,1920,1080
304,VIRAT_S_040001_01_000448_001101,15002,15122,0.43177297711372375,0.5118455290794373,0.4842592592592593,0.5546296296296296,0,19567,30,1920,1080
305,VIRAT_S_040001_01_000448_001101,15122,15242,0.4010416666666667,0.5118455290794373,0.44907407407407407,0.5611111111111111,0,19567,30,1920,1080
306,VIRAT_S_040001_01_000448_001101,18182,18302,0.43771088123321533,0.5226548910140991,0.48428839445114136,0.5638888888888889,0,19567,30,1920,1080
307,VIRAT_S_050000_02_000404_000486,1322,1442,0.41458333333333336,0.5954027771949768,0.15185185185185185,0.4537037037037037,0,2458,30,1920,1080
308,VIRAT_S_050000_02_000404_000486,1562,1682,0.3328125,0.4551001191139221,-0.020370370370370372,0.13969922065734863,0,2458,30,1920,1080
309,VIRAT_S_050300_07_001623_001690,872,992,0.31875,0.378125,0.20611116290092468,0.2460855394601822,0,2002,30,1920,1080
310,VIRAT_S_050300_07_001623_001690,1592,1712,0.7124975323677063,0.7885416666666667,0.3102683126926422,0.4759259259259259,0,2002,30,1920,1080
311,VIRAT_S_050000_13_001722_001766,542,662,0.6999055743217468,0.8442708333333333,0.775,0.9703703703703703,0,1316,30,1920,1080
312,VIRAT_S_050000_13_001722_001766,932,1052,0.3559120297431946,0.4297610819339752,-0.000925925925925926,0.08315835893154144,0,1316,30,1920,1080
313,VIRAT_S_050201_05_000890_000944,422,542,0.11910206824541092,0.21354166666666666,0.05185185185185185,0.1675925925925926,0,1616,30,1920,1080
314,VIRAT_S_050201_05_000890_000944,962,1082,0.3333333333333333,0.4886307120323181,0.0,0.12314814814814815,0,1616,30,1920,1080
315,VIRAT_S_040003_04_000758_001118,5582,5702,0.45144176483154297,0.5239374041557312,0.46944444444444444,0.5377662181854248,0,10788,30,1920,1080
316,VIRAT_S_040003_04_000758_001118,7412,7532,-0.008333333333333333,0.13020833333333334,0.35462962962962963,0.6370370370370371,0,10788,30,1920,1080
317,VIRAT_S_040003_04_000758_001118,7562,7682,0.006012473255395889,0.14114583333333333,0.4166666666666667,0.5842592592592593,0,10788,30,1920,1080
318,VIRAT_S_040003_04_000758_001118,8132,8252,0.033854166666666664,0.10103142261505127,0.4083333333333333,0.4675925925925926,0,10788,30,1920,1080
319,VIRAT_S_040003_04_000758_001118,8432,8552,0.015104166666666667,0.10103142261505127,0.35555555555555557,0.4597919285297394,0,10788,30,1920,1080
320,VIRAT_S_040003_04_000758_001118,8852,8972,0.006012473255395889,0.08511098474264145,0.48954856395721436,0.5643986463546753,0,10788,30,1920,1080
321,VIRAT_S_050000_16_001947_001989,122,242,0.5533556938171387,0.6901041666666666,0.3824074074074074,0.5851851851851851,0,1255,30,1920,1080
322,VIRAT_S_050000_16_001947_001989,1022,1142,0.3768359124660492,0.4661458333333333,-0.002777777777777778,0.13421860337257385,0,1255,30,1920,1080
323,VIRAT_S_050202_06_001048_001115,482,602,0.18229166666666666,0.2289080172777176,0.06018518518518518,0.16474813222885132,0,2001,30,1920,1080
324,VIRAT_S_050201_06_001168_001240,542,662,0.11667240411043167,0.21458333333333332,0.004629629629629629,0.17592592592592593,0,2147,30,1920,1080
325,VIRAT_S_040103_00_000000_000120,0,62,0.391554594039917,0.5854166666666667,0.1935185185185185,0.4287037037037037,0,3594,30,1920,1080
326,VIRAT_S_040103_00_000000_000120,182,302,0.25215569138526917,0.4248961806297302,0.27715080976486206,0.41341567039489746,0,3594,30,1920,1080
327,VIRAT_S_040103_00_000000_000120,1622,1742,0.25215569138526917,0.36005738377571106,0.27715080976486206,0.42685185185185187,0,3594,30,1920,1080
328,VIRAT_S_040103_00_000000_000120,2312,2432,0.2453125,0.36005738377571106,0.27715080976486206,0.41341567039489746,0,3594,30,1920,1080
329,VIRAT_S_040103_00_000000_000120,2612,2732,0.175,0.298651784658432,0.3138888888888889,0.4717126190662384,0,3594,30,1920,1080
330,VIRAT_S_040103_00_000000_000120,3062,3182,0.17793679237365723,0.30052083333333335,0.3194444444444444,0.4824074074074074,0,3594,30,1920,1080
331,VIRAT_S_050202_01_000150_000280,32,152,0.11365140974521637,0.209375,-0.008333333333333333,0.1361111111111111,0,3892,30,1920,1080
332,VIRAT_S_050202_01_000150_000280,1712,1922,0.10677083333333333,0.24427083333333333,-0.009259259259259259,0.15555555555555556,0,3892,30,1920,1080
333,VIRAT_S_050202_01_000150_000280,1922,2042,0.11365140974521637,0.28229166666666666,0.06629958003759384,0.30462962962962964,0,3892,30,1920,1080
334,VIRAT_S_040104_00_000120_000224,572,692,0.1878882646560669,0.36614583333333334,0.308923602104187,0.4925925925925926,0,3111,30,1920,1080
335,VIRAT_S_040104_00_000120_000224,692,872,0.259921669960022,0.42828720808029175,0.28086838126182556,0.46296296296296297,0,3111,30,1920,1080
336,VIRAT_S_040104_00_000120_000224,1022,1142,0.259921669960022,0.42828720808029175,0.2796296296296296,0.4537037037037037,0,3111,30,1920,1080
337,VIRAT_S_040104_00_000120_000224,1472,1592,0.1878882646560669,0.3775179386138916,0.28736457228660583,0.44814814814814813,0,3111,30,1920,1080
338,VIRAT_S_040104_00_000120_000224,1832,1952,0.1878882646560669,0.26848113536834717,0.28888888888888886,0.4362039864063263,0,3111,30,1920,1080
339,VIRAT_S_050202_02_000447_000577,632,752,0.43404513597488403,0.5661458333333333,0.02402523346245289,0.18796296296296297,0,3889,30,1920,1080
340,VIRAT_S_050202_02_000447_000577,1532,1652,0.3463541666666667,0.5057713389396667,0.18338702619075775,0.29019397497177124,0,3889,30,1920,1080
341,VIRAT_S_050202_02_000447_000577,2282,2402,0.11581185460090637,0.2765625,0.06906252354383469,0.15185185185185185,0,3889,30,1920,1080
342,VIRAT_S_050202_02_000447_000577,2492,2612,0.4094119668006897,0.5464779138565063,0.004780009854584932,0.1241462379693985,0,3889,30,1920,1080
343,VIRAT_S_050202_02_000447_000577,3512,3632,0.11581185460090637,0.23697916666666666,0.021296296296296296,0.18611111111111112,0,3889,30,1920,1080
344,VIRAT_S_040104_09_001475_001583,632,752,0.5081592798233032,0.9,0.21242141723632812,0.44351851851851853,0,3205,30,1920,1080
345,VIRAT_S_050202_10_002159_002233,0,32,0.09479166666666666,0.1673220545053482,0.1796899139881134,0.3334227502346039,0,1974,30,1920,1080
346,VIRAT_S_050202_10_002159_002233,272,392,0.3788909912109375,0.5113583207130432,0.31081506609916687,0.42407407407407405,0,1974,30,1920,1080
347,VIRAT_S_050202_10_002159_002233,512,632,0.3788909912109375,0.5113583207130432,0.31081506609916687,0.42262405157089233,0,1974,30,1920,1080
348,VIRAT_S_050200_00_000106_000380,4502,4622,0.11385240405797958,0.17246024310588837,0.20210808515548706,0.35560300946235657,0,7334,30,1920,1080
349,VIRAT_S_050200_00_000106_000380,5432,5552,0.178125,0.34914496541023254,0.12777777777777777,0.24297071993350983,0,7334,30,1920,1080
350,VIRAT_S_050201_07_001348_001458,632,752,0.1155664473772049,0.2526041666666667,-0.011111111111111112,0.14166666666666666,0,3293,30,1920,1080
351,VIRAT_S_050202_03_000608_000684,452,572,0.11762157827615738,0.26666666666666666,0.06883293390274048,0.2175925925925926,0,2272,30,1920,1080
352,VIRAT_S_050202_03_000608_000684,1412,1532,0.1125,0.18382591009140015,0.06883293390274048,0.22314814814814815,0,2272,30,1920,1080
353,VIRAT_S_050202_03_000608_000684,1892,2012,0.1046875,0.18382591009140015,0.06883293390274048,0.2351851851851852,0,2272,30,1920,1080
354,VIRAT_S_050000_08_001235_001295,152,272,0.3550923764705658,0.4375,-0.007407407407407408,0.12777777777777777,0,1792,30,1920,1080
355,VIRAT_S_050000_08_001235_001295,392,602,0.27865689992904663,0.8932291666666666,0.035508666187524796,1.0138888888888888,0,1792,30,1920,1080
356,VIRAT_S_050203_00_000023_000097,722,842,0.11545468121767044,0.17570143938064575,0.18981481481481483,0.33299463987350464,0,2212,30,1920,1080
357,VIRAT_S_050203_00_000023_000097,1442,1562,0.11457251757383347,0.22447916666666667,0.03333333333333333,0.16018518518518518,0,2212,30,1920,1080
358,VIRAT_S_050203_00_000023_000097,1652,1772,0.11379855871200562,0.17646293342113495,0.1912166327238083,0.3343994617462158,0,2212,30,1920,1080
359,VIRAT_S_050201_00_000012_000116,2192,2312,0.1109375,0.18825264275074005,0.05897993966937065,0.21574074074074073,0,3117,30,1920,1080
360,VIRAT_S_050202_04_000690_000750,1112,1232,0.21875,0.3628748953342438,0.10462962962962963,0.3768518518518518,0,1790,30,1920,1080
361,VIRAT_S_050202_04_000690_000750,1292,1412,0.11458333333333333,0.18297283351421356,0.06763346493244171,0.33440449833869934,0,1790,30,1920,1080
362,VIRAT_S_050203_07_001288_001531,0,62,0.08956775069236755,0.18724128603935242,0.031506720930337906,0.25555555555555554,0,7281,30,1920,1080
363,VIRAT_S_050203_07_001288_001531,422,542,0.08956775069236755,0.18724128603935242,0.031506720930337906,0.22618414997717728,0,7281,30,1920,1080
364,VIRAT_S_050203_07_001288_001531,1292,1502,0.11302083333333333,0.48020833333333335,0.09907407407407408,0.9111111111111111,0,7281,30,1920,1080
365,VIRAT_S_050203_07_001288_001531,1592,1772,0.08956775069236755,0.18724128603935242,0.031506720930337906,0.3343399167060852,0,7281,30,1920,1080
366,VIRAT_S_050203_07_001288_001531,2612,2732,0.08956775069236755,0.5708333333333333,0.031506720930337906,0.8787037037037037,0,7281,30,1920,1080
367,VIRAT_S_050203_07_001288_001531,3302,3452,0.08956775069236755,0.478125,0.031506720930337906,0.8148148148148148,0,7281,30,1920,1080
368,VIRAT_S_050203_07_001288_001531,3512,3632,0.4546971023082733,0.635513961315155,0.6745519042015076,0.8722222222222222,0,7281,30,1920,1080
369,VIRAT_S_050203_07_001288_001531,4532,4652,0.08956775069236755,0.18724128603935242,0.031506720930337906,0.22037037037037038,0,7281,30,1920,1080
370,VIRAT_S_050203_07_001288_001531,5312,5432,0.0885225385427475,0.28923752905724065,0.026710905134677887,0.6453703703703704,0,7281,30,1920,1080
371,VIRAT_S_050203_07_001288_001531,6062,6182,0.1671875,0.36800915002822876,0.0705675259232521,0.19166666666666668,0,7281,30,1920,1080
372,VIRAT_S_050203_07_001288_001531,6992,7112,0.3489583333333333,0.5476121306419373,0.000925925925925926,0.12365074455738068,0,7281,30,1920,1080
373,VIRAT_S_050300_04_001057_001122,0,92,0.37395833333333334,0.4507889449596405,0.4009259259259259,0.48055555555555557,0,1947,30,1920,1080
374,VIRAT_S_050300_04_001057_001122,482,602,0.36822916666666666,0.4507889449596405,0.3962962962962963,0.48148148148148145,0,1947,30,1920,1080
375,VIRAT_S_050300_04_001057_001122,722,842,0.3770833333333333,0.4507889449596405,0.4111111111111111,0.475,0,1947,30,1920,1080
376,VIRAT_S_050300_04_001057_001122,1202,1412,0.37604166666666666,0.4507889449596405,0.40925925925925927,0.47685185185185186,0,1947,30,1920,1080
377,VIRAT_S_050300_03_000726_000834,1172,1292,0.37083333333333335,0.4498429298400879,0.3990740740740741,0.4730358123779297,0,3228,30,1920,1080
378,VIRAT_S_050300_03_000726_000834,1472,1592,0.365625,0.4498429298400879,0.3925925925925926,0.47324903719869305,0,3228,30,1920,1080
379,VIRAT_S_050300_03_000726_000834,1892,2012,0.3625,0.4498429298400879,0.41130614280700684,0.4787037037037037,0,3228,30,1920,1080
380,VIRAT_S_050300_03_000726_000834,2102,2312,0.36614583333333334,0.4498429298400879,0.41130614280700684,0.475,0,3228,30,1920,1080
381,VIRAT_S_050300_03_000726_000834,2492,2612,0.34010416666666665,0.4498429298400879,0.4064814814814815,0.4730358123779297,0,3228,30,1920,1080
382,VIRAT_S_050301_00_000000_000036,92,212,0.7757552266120911,0.8164203763008118,0.20911654829978943,0.26205899842130265,0,1079,30,1920,1080
383,VIRAT_S_050301_00_000000_000036,662,782,0.7707556486129761,0.8164203763008118,0.20911654829978943,0.2638888888888889,0,1079,30,1920,1080
384,VIRAT_S_050300_06_001427_001616,0,122,0.3632938861846924,0.45141899585723877,0.39120030403137207,0.47685185185185186,0,5664,30,1920,1080
385,VIRAT_S_050300_06_001427_001616,482,602,0.3632938861846924,0.45141899585723877,0.39120030403137207,0.47138142585754395,0,5664,30,1920,1080
386,VIRAT_S_050300_06_001427_001616,602,722,0.4239974617958069,0.49237205130211237,0.39351851851851855,0.45925925925925926,0,5664,30,1920,1080
387,VIRAT_S_050300_06_001427_001616,2642,2762,0.8284618258476257,0.8686813712120056,0.2285028100013733,0.26281625032424927,0,5664,30,1920,1080
388,VIRAT_S_050301_01_000083_000320,902,1022,0.35867321491241455,0.449276864528656,0.39751848578453064,0.4722222222222222,0,7090,30,1920,1080
389,VIRAT_S_050301_01_000083_000320,1232,1352,0.35867321491241455,0.449276864528656,0.39751848578453064,0.4722222222222222,0,7090,30,1920,1080
390,VIRAT_S_050301_01_000083_000320,2342,2462,0.35867321491241455,0.449276864528656,0.39751848578453064,0.4824074074074074,0,7090,30,1920,1080
391,VIRAT_S_050301_01_000083_000320,2492,2612,0.35867321491241455,0.44947916666666665,0.39751848578453064,0.47314814814814815,0,7090,30,1920,1080
392,VIRAT_S_050301_01_000083_000320,2612,2732,0.35867321491241455,0.449276864528656,0.39751848578453064,0.47129629629629627,0,7090,30,1920,1080
393,VIRAT_S_050301_01_000083_000320,3092,3212,0.35867321491241455,0.449276864528656,0.39751848578453064,0.475,0,7090,30,1920,1080
394,VIRAT_S_050301_01_000083_000320,3962,4082,0.35867321491241455,0.449276864528656,0.39751848578453064,0.4759259259259259,0,7090,30,1920,1080
395,VIRAT_S_050301_01_000083_000320,4562,4682,0.35867321491241455,0.4552083333333333,0.39751848578453064,0.4740740740740741,0,7090,30,1920,1080
396,VIRAT_S_050301_01_000083_000320,5162,5312,0.35867321491241455,0.5552578568458557,0.09678495675325394,0.46944444444444444,0,7090,30,1920,1080
397,VIRAT_S_050301_03_000933_001046,902,1022,0.830387532711029,0.966663122177124,0.6970037221908569,0.9101851851851852,0,3347,30,1920,1080
398,VIRAT_S_050301_03_000933_001046,2762,2882,0.5586267709732056,0.6068296432495117,0.10185185185185185,0.14544084668159485,0,3347,30,1920,1080
399,VIRAT_S_050300_01_000148_000396,2312,2432,0.8523101806640625,0.921875,0.42298564314842224,0.5935185185185186,0,7429,30,1920,1080
400,VIRAT_S_050300_01_000148_000396,2492,2612,0.37703603506088257,0.4879944920539856,0.4176363945007324,0.475,0,7429,30,1920,1080
401,VIRAT_S_050300_01_000148_000396,3272,3392,0.6676732301712036,0.9838541666666667,0.27980735898017883,0.6472222222222223,0,7429,30,1920,1080
402,VIRAT_S_050300_01_000148_000396,3542,3662,0.7416666666666667,0.7887568473815918,0.19537037037037036,0.26296296296296295,0,7429,30,1920,1080
403,VIRAT_S_050300_01_000148_000396,4892,5012,0.7161458333333334,0.7886483669281006,0.18055555555555555,0.23642686009407043,0,7429,30,1920,1080
404,VIRAT_S_050300_01_000148_000396,5192,5312,0.6777991652488708,0.8223958333333333,0.41203703703703703,0.5305555555555556,0,7429,30,1920,1080
405,VIRAT_S_000202_00_000000_000977,182,332,0.5528311729431152,0.815625,0.49679720401763916,0.5810230374336243,0,29310,30,1280,720
406,VIRAT_S_000202_00_000000_000977,542,662,0.6791856288909912,0.7460083961486816,0.46111111111111114,0.5278487801551819,0,29310,30,1280,720
407,VIRAT_S_000202_00_000000_000977,752,872,0.8335744738578796,0.9296875,0.4929252862930298,0.5825345823057235,0,29310,30,1280,720
408,VIRAT_S_000202_00_000000_000977,2042,2162,0.40186426043510437,0.55625,0.565801203250885,0.7722222222222223,0,29310,30,1280,720
409,VIRAT_S_000202_00_000000_000977,3332,3452,0.8265625,0.9149951338768005,0.4929252862930298,0.5584375369042762,0,29310,30,1280,720
410,VIRAT_S_000202_00_000000_000977,3482,3602,0.8335744738578796,0.9149951338768005,0.4929252862930298,0.5560899847585681,0,29310,30,1280,720
411,VIRAT_S_000202_00_000000_000977,4082,4202,0.57109375,0.6912848353385925,0.49679720401763916,0.5861111111111111,0,29310,30,1280,720
412,VIRAT_S_000202_00_000000_000977,4322,4472,0.40607795119285583,0.78125,0.5534326434135437,1.0263888888888888,0,29310,30,1280,720
413,VIRAT_S_000202_00_000000_000977,4682,4832,0.3574185073375702,0.55703125,0.5097222222222222,0.6774206757545471,0,29310,30,1280,720
414,VIRAT_S_000202_00_000000_000977,4832,4952,0.46644464135169983,0.582482635974884,0.5258711576461792,0.7069444444444445,0,29310,30,1280,720
415,VIRAT_S_000202_00_000000_000977,4952,5252,0.46644464135169983,0.846875,0.49679720401763916,0.6319444444444444,0,29310,30,1280,720
416,VIRAT_S_000202_00_000000_000977,5252,5372,0.46759939193725586,0.5765625,0.5321681499481201,0.7069444444444445,0,29310,30,1280,720
417,VIRAT_S_000202_00_000000_000977,5552,5672,0.5087875127792358,0.7226719856262207,0.6209218502044678,1.023611111111111,0,29310,30,1280,720
418,VIRAT_S_000202_00_000000_000977,6272,6392,0.7671875,0.8452436923980713,0.5166666666666667,0.5874677300453186,0,29310,30,1280,720
419,VIRAT_S_000202_00_000000_000977,9902,10022,0.38904839754104614,0.5056073665618896,0.5251818895339966,0.6631893515586853,0,29310,30,1280,720
420,VIRAT_S_000202_00_000000_000977,10442,10562,0.38904839754104614,0.5056073665618896,0.5251818895339966,0.6631893515586853,0,29310,30,1280,720
421,VIRAT_S_000202_00_000000_000977,12692,12812,0.7747107148170471,0.8458220362663269,0.5069444444444444,0.5880439877510071,0,29310,30,1280,720
422,VIRAT_S_000202_00_000000_000977,13022,13142,0.7747107148170471,0.8458220362663269,0.5055555555555555,0.5880439877510071,0,29310,30,1280,720
423,VIRAT_S_000202_00_000000_000977,13232,13352,0.7747107148170471,0.8458220362663269,0.5027777777777778,0.5880439877510071,0,29310,30,1280,720
424,VIRAT_S_000202_00_000000_000977,13652,13862,0.09140625,0.3076692819595337,0.482799232006073,0.6347222222222222,0,29310,30,1280,720
425,VIRAT_S_000202_00_000000_000977,13952,14102,0.1671875,0.8458220362663269,0.482799232006073,0.5944444444444444,0,29310,30,1280,720
426,VIRAT_S_000202_00_000000_000977,14462,14582,0.37968528270721436,0.4604544937610626,0.6093840599060059,0.7222222222222222,0,29310,30,1280,720
427,VIRAT_S_000202_00_000000_000977,15362,15482,0.38904839754104614,0.4939306378364563,0.5251818895339966,0.6430555555555556,0,29310,30,1280,720
428,VIRAT_S_000202_00_000000_000977,15482,15602,0.2640625,0.4432438015937805,0.590080201625824,1.0208333333333333,0,29310,30,1280,720
429,VIRAT_S_000202_00_000000_000977,15662,15782,0.3484375,0.4432438015937805,0.590080201625824,0.7277777777777777,0,29310,30,1280,720
430,VIRAT_S_000202_00_000000_000977,16322,16442,0.3568066358566284,0.4939306378364563,0.5251818895339966,0.6762473583221436,0,29310,30,1280,720
431,VIRAT_S_000202_00_000000_000977,16562,16682,0.08984375,0.23703302443027496,0.510124146938324,0.6194444444444445,0,29310,30,1280,720
432,VIRAT_S_000202_00_000000_000977,16952,17072,0.08125,0.4432438015937805,0.5736111111111111,0.6888888888888889,0,29310,30,1280,720
433,VIRAT_S_000202_00_000000_000977,20492,20612,0.3568066358566284,0.4781727570645842,0.5611111111111111,0.6762473583221436,0,29310,30,1280,720
434,VIRAT_S_000202_00_000000_000977,20972,21092,0.62421875,0.7273003458976746,0.39166666666666666,0.43535879254341125,0,29310,30,1280,720
435,VIRAT_S_000202_00_000000_000977,21392,21512,0.6532661318778992,0.7273003458976746,0.3958872854709625,0.4375,0,29310,30,1280,720
436,VIRAT_S_000202_00_000000_000977,21812,21932,0.6532661318778992,0.7273003458976746,0.3958872854709625,0.4388888888888889,0,29310,30,1280,720
437,VIRAT_S_000202_00_000000_000977,22352,22472,0.3568066358566284,0.503208577632904,0.5583333333333333,0.6762473583221436,0,29310,30,1280,720
438,VIRAT_S_000202_00_000000_000977,22532,22652,0.6532661318778992,0.77734375,0.3958872854709625,0.4638888888888889,0,29310,30,1280,720
439,VIRAT_S_000202_00_000000_000977,22802,22922,0.0609375,0.7273003458976746,0.3958872854709625,0.46805555555555556,0,29310,30,1280,720
440,VIRAT_S_000202_00_000000_000977,23072,23192,0.3568066358566284,0.47890625,0.5611111111111111,0.6762473583221436,0,29310,30,1280,720
441,VIRAT_S_000202_00_000000_000977,23192,23342,0.31640625,0.7720140814781189,0.7902777777777777,1.0180555555555555,0,29310,30,1280,720
442,VIRAT_S_000202_00_000000_000977,23552,23672,0.67421875,0.8456191420555115,0.5208333333333334,0.6,0,29310,30,1280,720
443,VIRAT_S_000202_00_000000_000977,24422,24542,0.16796875,0.4638381600379944,0.590080201625824,0.8236111111111111,0,29310,30,1280,720
444,VIRAT_S_000202_00_000000_000977,25412,25532,0.3862226903438568,0.48046875,0.5555555555555556,0.6654790639877319,0,29310,30,1280,720
445,VIRAT_S_000202_00_000000_000977,26162,26282,0.3862226903438568,0.4796875,0.5583333333333333,0.6654790639877319,0,29310,30,1280,720
446,VIRAT_S_000202_00_000000_000977,26282,26462,0.46328125,0.5769819021224976,0.5431950688362122,0.6736111111111112,0,29310,30,1280,720
447,VIRAT_S_000205_00_000065_000149,0,32,0.3193751573562622,0.63515625,0.44166666666666665,0.5279149413108826,0,2503,30,1280,720
448,VIRAT_S_000205_00_000065_000149,152,272,0.82578125,0.9032037258148193,0.5038153529167175,0.5569444444444445,0,2503,30,1280,720
449,VIRAT_S_000205_00_000065_000149,992,1142,0.7441224455833435,0.91796875,0.42777777777777776,0.5559064149856567,0,2503,30,1280,720
450,VIRAT_S_000205_00_000065_000149,1352,1472,0.3454899489879608,0.4707816541194916,0.5240029096603394,0.6604748964309692,0,2503,30,1280,720
451,VIRAT_S_000205_00_000065_000149,1562,1682,-0.0046875,0.11974945664405823,0.41388888888888886,0.48417899012565613,0,2503,30,1280,720
452,VIRAT_S_000205_00_000065_000149,2222,2342,0.82578125,0.9032037258148193,0.5038153529167175,0.5569444444444445,0,2503,30,1280,720
453,VIRAT_S_000206_09_001714_001851,1750,1870,-0.0046875,0.3375,0.3888888888888889,0.5059391260147095,0,3810,30,1280,720
454,VIRAT_S_000206_09_001714_001851,1952,2072,0.0826457217335701,0.3375,0.3888888888888889,0.487745076417923,0,3810,30,1280,720
455,VIRAT_S_000206_09_001714_001851,2702,2882,0.16323339939117432,0.2546875,0.6402777777777777,0.7287781238555908,0,3810,30,1280,720
456,VIRAT_S_000206_09_001714_001851,2942,3152,0.1525430679321289,0.25625,0.6277777777777778,0.7291010022163391,0,3810,30,1280,720
457,VIRAT_S_010107_01_000068_000196,434,530,0.4166415333747864,0.46953125,0.1986111111111111,0.2616942524909973,0,2949,24,1280,720
458,VIRAT_S_010109_08_000952_001011,0,74,0.7535154819488525,0.93046875,0.5986111111111111,0.8426699042320251,0,1017,24,1280,720
459,VIRAT_S_010109_08_000952_001011,626,770,0.7535154819488525,0.9360816478729248,0.6041666666666666,1.0347222222222223,0,1017,24,1280,720
460,VIRAT_S_010111_02_000198_000310,1730,1826,0.5647273063659668,0.6682109236717224,0.39134886860847473,0.46805555555555556,0,2681,24,1280,720
461,VIRAT_S_010112_01_000128_000187,0,50,0.18828125,0.4734375,0.20416666666666666,0.41388888888888886,0,1233,24,1280,720
462,VIRAT_S_010112_01_000128_000187,50,146,0.07872515171766281,0.1927337646484375,0.33442622423171997,0.43194444444444446,0,1233,24,1280,720
463,VIRAT_S_010112_01_000128_000187,626,722,0.51953125,0.7303023338317871,0.4404621124267578,0.5555555555555556,0,1233,24,1280,720
464,VIRAT_S_010114_01_000235_000311,0,26,0.7279648184776306,0.8452216982841492,0.34726470708847046,0.431033194065094,0,1705,24,1280,720
465,VIRAT_S_010114_01_000235_000311,458,554,0.7279648184776306,0.8452216982841492,0.34726470708847046,0.431033194065094,0,1705,24,1280,720
466,VIRAT_S_010114_01_000235_000311,770,866,0.7279648184776306,0.8452216982841492,0.34726470708847046,0.431033194065094,0,1705,24,1280,720
467,VIRAT_S_010114_01_000235_000311,1370,1466,0.7279648184776306,0.8452216982841492,0.34726470708847046,0.431033194065094,0,1705,24,1280,720
468,VIRAT_S_010200_01_000254_000322,962,1106,0.134375,0.2391708642244339,0.32128480076789856,0.40694444444444444,0,1469,24,1280,720
469,VIRAT_S_010201_06_000550_000600,170,266,0.20041587948799133,0.2890625,0.32222222222222224,0.4348828113648775,0,1132,24,1280,720
470,VIRAT_S_010201_06_000550_000600,362,458,0.1328125,0.2192387580871582,0.3097440302371979,0.4170125996187011,0,1132,24,1280,720
471,VIRAT_S_010201_06_000550_000600,722,818,0.20085518062114716,0.26948705315589905,0.3162555396556854,0.3888888888888889,0,1132,24,1280,720
472,VIRAT_S_040001_02_001102_001530,1232,1352,0.40520833333333334,0.5119285583496094,0.44537037037037036,0.5579984784126282,0,12828,30,1920,1080
473,VIRAT_S_040001_02_001102_001530,11312,11432,0.04410162568092346,0.14655718207359314,0.501892626285553,0.5814814814814815,0,12828,30,1920,1080
474,VIRAT_S_040003_05_001123_001437,902,1022,0.05245448648929596,0.14623279869556427,0.5042515397071838,0.5787037037037037,0,9404,30,1920,1080
475,VIRAT_S_040003_05_001123_001437,2972,3092,0.018443411216139793,0.10104166666666667,0.48675376176834106,0.5898148148148148,0,9404,30,1920,1080
476,VIRAT_S_040003_05_001123_001437,6182,6302,0.9453960061073303,0.9997049570083618,0.5001596808433533,0.6435185185185185,0,9404,30,1920,1080
477,VIRAT_S_040103_01_000132_000195,0,32,0.18507453799247742,0.3539678454399109,0.2790989279747009,0.447331964969635,0,1882,30,1920,1080
478,VIRAT_S_040103_01_000132_000195,392,512,0.18507453799247742,0.27774912118911743,0.3295702040195465,0.447331964969635,0,1882,30,1920,1080
479,VIRAT_S_040103_01_000132_000195,872,1052,0.18507453799247742,0.6025127172470093,0.23152436316013336,0.447331964969635,0,1882,30,1920,1080
480,VIRAT_S_040103_01_000132_000195,1322,1532,-0.016145833333333335,0.27774912118911743,0.3295702040195465,0.687037037037037,0,1882,30,1920,1080
481,VIRAT_S_040104_01_000227_000457,662,782,0.1874082386493683,0.389614075422287,0.28430742025375366,0.4662682116031647,0,6890,30,1920,1080
482,VIRAT_S_040104_01_000227_000457,812,1082,0.2453125,0.4285331964492798,0.2800975739955902,0.4981481481481482,0,6890,30,1920,1080
483,VIRAT_S_040104_01_000227_000457,1292,1592,0.2518523335456848,0.4285331964492798,0.2800975739955902,0.4662682116031647,0,6890,30,1920,1080
484,VIRAT_S_040104_01_000227_000457,1652,1802,0.06770833333333333,0.389614075422287,0.28430742025375366,0.6407407407407407,0,6890,30,1920,1080
485,VIRAT_S_040104_01_000227_000457,2132,2252,0.1874082386493683,0.27055126428604126,0.2861111111111111,0.439738005399704,0,6890,30,1920,1080
486,VIRAT_S_040104_01_000227_000457,2972,3092,0.505646824836731,1.0140625,0.4101851851851852,0.7395321726799011,0,6890,30,1920,1080
487,VIRAT_S_040104_01_000227_000457,4262,4442,0.21614583333333334,1.0145833333333334,0.35185185185185186,0.7395321726799011,0,6890,30,1920,1080
488,VIRAT_S_040104_01_000227_000457,4952,5072,0.12265744805335999,0.35742953802916944,0.37222222222222223,0.6624113917350769,0,6890,30,1920,1080
489,VIRAT_S_040104_01_000227_000457,5372,5492,0.309375,0.5295034050941467,0.3552311658859253,0.532261523611167,0,6890,30,1920,1080
490,VIRAT_S_050000_01_000207_000361,152,272,0.5784397721290588,0.6493258476257324,0.4822344481945038,0.600925925925926,0,4616,30,1920,1080
491,VIRAT_S_050000_01_000207_000361,782,902,0.36104491353034973,0.48147207498550415,0.4846307635307312,0.7379629629629629,0,4616,30,1920,1080
492,VIRAT_S_050000_01_000207_000361,2042,2252,0.41076964139938354,0.4895833333333333,-0.007407407407407408,0.19037233293056488,0,4616,30,1920,1080
493,VIRAT_S_050000_01_000207_000361,2702,2822,0.41076964139938354,0.48854166666666665,0.018518518518518517,0.19037233293056488,0,4616,30,1920,1080
494,VIRAT_S_050000_01_000207_000361,3062,3182,0.36104491353034973,0.48147207498550415,0.4846307635307312,0.732249537291608,0,4616,30,1920,1080
495,VIRAT_S_050000_01_000207_000361,3542,3662,0.36104491353034973,0.48147207498550415,0.4846307635307312,0.7407407407407407,0,4616,30,1920,1080
496,VIRAT_S_050000_01_000207_000361,3932,4082,0.18802083333333333,0.4869791666666667,0.007059669587761164,0.7416666666666667,0,4616,30,1920,1080
497,VIRAT_S_050000_09_001310_001373,182,332,0.44114583333333335,0.6229166666666667,-0.016666666666666666,0.4638888888888889,0,1885,30,1920,1080
498,VIRAT_S_050000_09_001310_001373,662,782,0.6244487762451172,0.984375,0.5656347274780273,0.9981481481481481,0,1885,30,1920,1080
499,VIRAT_S_050000_09_001310_001373,1532,1712,0.26875,0.49375,-0.000925925925925926,1.025925925925926,0,1885,30,1920,1080
500,VIRAT_S_050201_01_000147_000321,1142,1262,0.11509235203266144,0.26875,0.06717204302549362,0.3314814814814815,0,5205,30,1920,1080
501,VIRAT_S_050201_01_000147_000321,1382,1502,0.11509235203266144,0.3484375,0.06717204302549362,1.0333333333333334,0,5205,30,1920,1080
502,VIRAT_S_050201_01_000147_000321,4232,4382,0.11509235203266144,0.23854166666666668,-0.009259259259259259,0.18796296296296297,0,5205,30,1920,1080
503,VIRAT_S_050201_01_000147_000321,4772,4892,0.11509235203266144,0.21614583333333334,-0.009259259259259259,0.17037037037037037,0,5205,30,1920,1080
504,VIRAT_S_050201_09_001821_001876,902,1022,0.11929407715797424,0.19902623768924466,0.04259259259259259,0.17685185185185184,0,1648,30,1920,1080
505,VIRAT_S_050201_09_001821_001876,1172,1292,0.11929407715797424,0.21041666666666667,0.016666666666666666,0.1638888888888889,0,1648,30,1920,1080
506,VIRAT_S_050300_05_001272_001330,332,452,0.36653393507003784,0.44609716534614563,0.4116038978099823,0.47129629629629627,0,1737,30,1920,1080
507,VIRAT_S_050300_05_001272_001330,512,632,0.36653393507003784,0.44609716534614563,0.4116038978099823,0.475,0,1737,30,1920,1080
508,VIRAT_S_050300_05_001272_001330,872,992,0.36653393507003784,0.44609716534614563,0.4116038978099823,0.47129629629629627,0,1737,30,1920,1080
509,VIRAT_S_050301_02_000544_000607,392,512,0.7567708333333333,0.8078082799911499,0.1712962962962963,0.23065659403800964,0,1691,30,1920,1080
510,VIRAT_S_050301_02_000544_000607,1172,1292,0.7554942965507507,0.8039456605911255,0.1712962962962963,0.23192474246025085,0,1691,30,1920,1080
